241 79 1 0 0
241 84 1 0 0
242 87 1 0 0
243 91 1 0 0
244 96 1 0 0
244 104 1 0 0
245 114 1 0 0
246 121 1 0 0
248 128 1 0 0
250 139 1 0 0
253 151 1 0 0
256 161 1 0 0
259 170 1 0 0
265 179 1 0 0
274 190 1 0 0
281 199 1 0 0
287 207 1 0 0
293 211 1 0 0
302 215 1 0 0
311 219 1 0 0
317 221 1 0 0
321 222 1 0 0
327 224 1 0 0
337 223 1 0 0
346 214 1 0 0
346 217 1 0 0
347 224 1 0 0
351 242 1 0 0
359 273 1 0 0
366 311 1 0 0
375 341 1 0 0
380 368 1 0 0
383 385 1 0 0
386 394 1 0 0
388 400 1 0 0
389 405 1 0 0
389 405 1 0 0
END
511 271 1 0 0
513 266 1 0 0
515 260 1 0 0
518 254 1 0 0
521 248 1 0 0
523 243 1 0 0
524 236 1 0 0
526 228 1 0 0
527 217 1 0 0
528 207 1 0 0
529 201 1 0 0
529 197 1 0 0
529 194 1 0 0
528 193 1 0 0
526 190 1 0 0
524 188 1 0 0
521 184 1 0 0
518 180 1 0 0
516 174 1 0 0
514 169 1 0 0
512 166 1 0 0
510 161 1 0 0
507 156 1 0 0
503 149 1 0 0
503 149 1 0 0
END
660 247 8 2 4194432
660 245 8 2 4194432
660 242 8 2 4194432
660 238 8 2 4194432
660 233 8 2 4194432
660 224 8 2 4194432
659 213 8 2 4194432
656 201 8 2 4194432
652 190 8 2 4194432
650 176 8 2 4194432
648 163 8 2 4194432
646 152 8 2 4194432
643 145 8 2 4194432
642 142 8 2 4194432
640 139 8 2 4194432
640 138 8 2 4194432
639 138 8 2 4194432
638 138 8 2 4194432
638 137 8 2 4194432
638 137 8 2 4194432
END
776 165 8 2 4194432
774 176 8 2 4194432
773 186 8 2 4194432
771 194 8 2 4194432
768 212 8 2 4194432
764 233 8 2 4194432
759 250 8 2 4194432
751 273 8 2 4194432
741 292 8 2 4194432
736 302 8 2 4194432
733 308 8 2 4194432
729 313 8 2 4194432
727 316 8 2 4194432
724 322 8 2 4194432
721 330 8 2 4194432
718 336 8 2 4194432
718 336 8 2 4194432
END
681 354 8 2 4194432
677 354 8 2 4194432
671 351 8 2 4194432
663 346 8 2 4194432
657 341 8 2 4194432
651 335 8 2 4194432
642 329 8 2 4194432
635 325 8 2 4194432
629 322 8 2 4194432
626 320 8 2 4194432
624 318 8 2 4194432
622 316 8 2 4194432
622 316 8 2 4194432
END
562 208 8 2 4194432
558 199 8 2 4194432
554 194 8 2 4194432
552 191 8 2 4194432
552 189 8 2 4194432
551 187 8 2 4194432
550 186 8 2 4194432
550 185 8 2 4194432
550 184 8 2 4194432
550 183 8 2 4194432
549 181 8 2 4194432
548 179 8 2 4194432
548 176 8 2 4194432
548 176 8 2 4194432
END
