635 293 1 0 0
634 292 1 0 0
634 291 1 0 0
632 289 1 0 0
631 286 1 0 0
628 281 1 0 0
624 278 1 0 0
622 275 1 0 0
619 273 1 0 0
616 270 1 0 0
610 267 1 0 0
603 264 1 0 0
596 260 1 0 0
590 255 1 0 0
582 248 1 0 0
572 242 1 0 0
564 238 1 0 0
556 235 1 0 0
548 232 1 0 0
539 229 1 0 0
532 226 1 0 0
527 225 1 0 0
524 223 1 0 0
521 221 1 0 0
517 220 1 0 0
514 219 1 0 0
512 219 1 0 0
512 219 1 0 0
END
437 246 1 0 0
437 247 1 0 0
436 248 1 0 0
435 250 1 0 0
435 251 1 0 0
434 251 1 0 0
433 251 1 0 0
432 251 1 0 0
431 251 1 0 0
428 251 1 0 0
426 250 1 0 0
424 249 1 0 0
422 246 1 0 0
420 240 1 0 0
417 231 1 0 0
412 224 1 0 0
405 216 1 0 0
400 209 1 0 0
394 197 1 0 0
391 187 1 0 0
388 180 1 0 0
386 174 1 0 0
384 171 1 0 0
383 168 1 0 0
383 166 1 0 0
382 164 1 0 0
382 161 1 0 0
382 160 1 0 0
382 158 1 0 0
382 157 1 0 0
381 156 1 0 0
381 156 1 0 0
END
344 159 1 0 0
339 159 1 0 0
335 159 1 0 0
331 159 1 0 0
329 160 1 0 0
327 160 1 0 0
326 161 1 0 0
324 163 1 0 0
323 164 1 0 0
321 165 1 0 0
319 167 1 0 0
317 169 1 0 0
314 173 1 0 0
312 176 1 0 0
311 180 1 0 0
310 183 1 0 0
308 184 1 0 0
308 185 1 0 0
307 186 1 0 0
305 186 1 0 0
303 187 1 0 0
299 187 1 0 0
296 187 1 0 0
294 187 1 0 0
292 186 1 0 0
290 185 1 0 0
289 183 1 0 0
288 179 1 0 0
286 176 1 0 0
285 173 1 0 0
283 170 1 0 0
282 168 1 0 0
281 166 1 0 0
280 164 1 0 0
279 162 1 0 0
279 160 1 0 0
278 159 1 0 0
278 159 1 0 0
END
254 130 1 0 0
247 121 1 0 0
240 111 1 0 0
235 103 1 0 0
232 97 1 0 0
229 94 1 0 0
228 92 1 0 0
228 89 1 0 0
228 87 1 0 0
228 85 1 0 0
228 82 1 0 0
230 78 1 0 0
234 75 1 0 0
237 72 1 0 0
241 68 1 0 0
244 67 1 0 0
248 64 1 0 0
255 62 1 0 0
265 60 1 0 0
275 58 1 0 0
294 55 1 0 0
311 50 1 0 0
337 47 1 0 0
356 43 1 0 0
377 40 1 0 0
392 40 1 0 0
405 40 1 0 0
418 41 1 0 0
428 43 1 0 0
435 45 1 0 0
440 47 1 0 0
445 50 1 0 0
451 52 1 0 0
455 54 1 0 0
460 57 1 0 0
464 60 1 0 0
467 65 1 0 0
470 71 1 0 0
473 77 1 0 0
474 82 1 0 0
475 85 1 0 0
476 88 1 0 0
477 90 1 0 0
477 93 1 0 0
477 95 1 0 0
477 98 1 0 0
476 104 1 0 0
475 111 1 0 0
474 118 1 0 0
473 122 1 0 0
472 125 1 0 0
470 130 1 0 0
468 137 1 0 0
465 147 1 0 0
458 157 1 0 0
451 165 1 0 0
444 174 1 0 0
437 184 1 0 0
430 194 1 0 0
423 203 1 0 0
415 208 1 0 0
410 214 1 0 0
405 217 1 0 0
400 222 1 0 0
392 230 1 0 0
386 240 1 0 0
379 249 1 0 0
375 257 1 0 0
372 261 1 0 0
370 266 1 0 0
368 269 1 0 0
367 274 1 0 0
367 277 1 0 0
367 281 1 0 0
367 283 1 0 0
367 285 1 0 0
368 285 1 0 0
369 285 1 0 0
371 285 1 0 0
374 284 1 0 0
378 282 1 0 0
382 281 1 0 0
387 279 1 0 0
392 278 1 0 0
399 277 1 0 0
407 275 1 0 0
414 273 1 0 0
425 271 1 0 0
435 269 1 0 0
446 267 1 0 0
457 264 1 0 0
467 263 1 0 0
474 261 1 0 0
480 259 1 0 0
486 257 1 0 0
493 255 1 0 0
497 253 1 0 0
502 251 1 0 0
505 250 1 0 0
508 247 1 0 0
510 247 1 0 0
512 246 1 0 0
515 245 1 0 0
518 245 1 0 0
521 244 1 0 0
523 244 1 0 0
524 244 1 0 0
526 243 1 0 0
526 242 1 0 0
527 241 1 0 0
527 240 1 0 0
528 240 1 0 0
528 239 1 0 0
528 238 1 0 0
528 237 1 0 0
529 236 1 0 0
530 234 1 0 0
531 232 1 0 0
533 228 1 0 0
535 224 1 0 0
536 219 1 0 0
538 216 1 0 0
539 213 1 0 0
539 211 1 0 0
539 207 1 0 0
538 200 1 0 0
533 191 1 0 0
529 184 1 0 0
525 176 1 0 0
522 172 1 0 0
519 168 1 0 0
517 163 1 0 0
513 160 1 0 0
508 158 1 0 0
505 157 1 0 0
503 158 1 0 0
500 160 1 0 0
498 163 1 0 0
495 168 1 0 0
491 173 1 0 0
486 184 1 0 0
480 199 1 0 0
476 210 1 0 0
473 219 1 0 0
472 226 1 0 0
472 238 1 0 0
472 249 1 0 0
474 258 1 0 0
477 266 1 0 0
481 274 1 0 0
486 281 1 0 0
489 287 1 0 0
492 291 1 0 0
498 294 1 0 0
504 296 1 0 0
511 298 1 0 0
517 299 1 0 0
523 299 1 0 0
530 299 1 0 0
538 297 1 0 0
547 291 1 0 0
556 286 1 0 0
563 280 1 0 0
575 277 1 0 0
583 272 1 0 0
590 270 1 0 0
595 268 1 0 0
602 265 1 0 0
612 264 1 0 0
619 261 1 0 0
624 259 1 0 0
629 258 1 0 0
632 255 1 0 0
637 254 1 0 0
637 254 1 0 0
END
635 190 1 0 0
635 191 1 0 0
635 190 1 0 0
636 189 1 0 0
636 188 1 0 0
636 187 1 0 0
637 186 1 0 0
638 184 1 0 0
639 179 1 0 0
642 172 1 0 0
647 165 1 0 0
649 160 1 0 0
651 156 1 0 0
652 153 1 0 0
654 150 1 0 0
656 145 1 0 0
658 139 1 0 0
660 136 1 0 0
663 132 1 0 0
666 131 1 0 0
669 130 1 0 0
672 130 1 0 0
674 130 1 0 0
676 130 1 0 0
677 130 1 0 0
679 130 1 0 0
681 130 1 0 0
682 131 1 0 0
684 132 1 0 0
688 134 1 0 0
690 136 1 0 0
692 139 1 0 0
694 141 1 0 0
696 145 1 0 0
697 147 1 0 0
699 148 1 0 0
699 150 1 0 0
701 153 1 0 0
702 157 1 0 0
704 164 1 0 0
706 170 1 0 0
707 175 1 0 0
708 180 1 0 0
708 188 1 0 0
709 201 1 0 0
709 201 1 0 0
END
706 282 1 0 0
705 282 1 0 0
704 282 1 0 0
702 282 1 0 0
699 282 1 0 0
697 282 1 0 0
694 283 1 0 0
688 285 1 0 0
681 286 1 0 0
676 288 1 0 0
673 288 1 0 0
670 289 1 0 0
664 289 1 0 0
660 289 1 0 0
658 289 1 0 0
656 289 1 0 0
654 289 1 0 0
651 289 1 0 0
646 289 1 0 0
638 289 1 0 0
631 289 1 0 0
624 289 1 0 0
618 290 1 0 0
615 290 1 0 0
613 290 1 0 0
610 290 1 0 0
603 290 1 0 0
591 290 1 0 0
582 290 1 0 0
570 290 1 0 0
558 291 1 0 0
545 295 1 0 0
522 306 1 0 0
522 306 1 0 0
END
