0
0
0
0
4
132
299
233
298
232
297
231
296
229
295
229
294
227
293
225
290
222
288
221
286
219
284
216
282
216
281
214
279
214
278
213
276
212
275
211
274
211
273
210
272
210
271
210
270
210
269
210
268
210
267
211
266
212
266
213
266
214
266
215
266
217
266
218
267
221
267
222
268
223
269
224
269
225
270
226
271
229
271
231
273
232
273
234
274
235
275
235
275
237
276
238
277
239
278
242
280
243
280
245
282
247
283
249
284
250
285
252
286
253
287
254
288
255
288
256
290
256
290
257
291
257
292
258
293
259
294
259
294
260
295
260
296
260
296
261
297
261
298
261
299
262
301
263
302
263
302
264
303
264
304
264
305
264
306
264
306
265
307
265
308
265
309
265
310
265
311
265
312
264
313
264
313
263
315
263
316
262
316
261
317
261
317
260
317
259
317
258
317
257
317
256
317
255
316
255
316
254
315
254
314
253
314
252
313
252
312
251
311
250
310
250
309
249
309
248
308
248
307
247
305
246
305
245
304
245
304
244
303
244
303
243
301
242
301
241
299
239
298
236
296
235
296
234
295
234
295
233
294
232
294
231
294
230
293
228
292
226
292
225
291
223
290
223
290
222
0
0
0
0
4
122
511
219
509
219
504
221
502
223
499
223
497
225
495
226
494
229
491
231
489
233
488
235
485
237
484
239
483
241
482
243
482
245
481
246
480
247
479
248
478
249
477
251
477
253
476
255
475
257
474
259
474
262
474
264
473
266
472
268
472
269
472
272
472
273
472
274
473
276
475
278
477
279
479
280
481
281
482
281
483
281
484
281
487
279
490
278
494
276
499
275
503
272
509
269
513
267
515
267
517
265
518
264
519
264
520
262
522
262
523
260
524
260
524
259
525
259
526
258
528
257
530
257
533
256
534
255
535
255
537
254
537
253
538
253
539
252
540
252
540
250
541
250
541
249
542
249
542
247
544
246
545
244
546
242
547
241
548
239
548
237
548
236
548
235
548
234
548
233
548
232
547
231
547
229
547
227
546
225
545
223
545
222
544
221
543
221
543
220
542
220
541
220
540
220
538
220
536
220
535
220
533
220
532
220
531
221
531
222
530
222
529
222
528
223
527
223
526
223
525
224
524
224
523
224
522
224
521
224
520
224
519
224
518
223
517
223
516
223
516
222
516
221
515
221
0
0
0
0
4
190
211
197
213
197
214
197
217
198
220
199
222
200
224
200
226
201
228
201
231
202
232
202
234
203
236
203
239
204
242
205
246
206
254
207
262
207
270
208
277
208
284
209
293
210
301
211
311
214
320
217
328
220
332
222
336
223
338
223
339
223
340
223
341
223
342
223
344
223
347
223
350
223
353
223
356
223
359
224
363
224
366
225
369
226
375
227
381
228
386
229
392
230
397
230
401
230
406
230
409
230
412
230
415
230
417
230
419
229
421
229
423
228
425
227
427
227
428
227
430
226
433
226
436
225
438
224
439
223
440
223
442
223
444
223
445
223
446
223
447
223
448
222
449
222
450
222
452
222
454
221
456
221
458
221
461
221
463
221
466
221
469
221
472
222
476
222
482
223
488
223
493
223
499
224
505
225
511
226
517
228
521
230
525
232
528
236
532
240
535
243
537
247
540
250
541
252
544
255
544
256
545
258
547
260
550
263
552
266
556
270
560
273
563
276
565
278
567
278
568
279
569
279
569
280
570
281
571
281
572
281
573
281
574
281
576
281
577
280
579
280
581
279
582
278
583
277
584
276
585
275
586
275
587
274
588
273
588
272
589
271
590
270
590
269
591
269
592
268
593
267
594
267
594
266
595
266
596
265
597
264
597
263
598
263
599
262
600
262
601
262
602
262
602
263
603
263
603
264
604
264
605
264
606
264
607
264
608
264
607
265
607
266
607
267
607
268
609
268
610
268
611
268
612
268
613
268
614
268
615
268
616
268
617
268
618
268
619
268
621
267
622
267
623
266
624
266
625
265
626
264
626
263
626
262
627
262
627
261
628
260
629
259
629
258
630
258
631
257
632
256
633
255
634
255
635
255
636
255
637
255
0
0
0
0
4
421
212
198
212
197
212
195
212
193
212
190
212
187
212
185
212
184
212
183
212
182
212
181
212
179
213
177
213
176
214
175
214
174
215
173
215
172
215
171
216
170
216
169
216
168
216
167
217
166
218
165
218
164
218
163
219
163
219
162
219
161
219
160
219
159
220
159
220
158
220
157
220
156
220
155
220
154
220
153
220
152
221
151
222
150
222
149
223
148
224
147
225
146
226
145
227
144
229
143
231
142
232
142
233
141
236
140
237
140
238
139
239
139
240
138
242
138
244
138
246
138
249
138
252
140
258
142
264
145
271
146
279
147
287
149
295
150
306
151
318
154
331
159
340
165
349
169
355
172
358
174
361
176
365
176
368
177
371
178
374
179
377
180
380
180
382
180
384
180
385
180
386
180
387
180
387
179
387
178
386
177
386
176
385
175
384
174
384
173
385
171
386
170
387
168
387
165
388
164
389
163
389
161
389
159
390
159
391
157
391
156
392
154
393
153
393
152
394
151
394
150
395
150
395
149
395
148
396
147
396
146
396
145
397
144
398
143
398
141
399
140
400
139
400
136
401
135
402
133
403
131
404
129
405
128
406
127
407
126
408
125
409
124
410
123
411
123
412
122
413
122
413
121
414
121
414
120
415
119
416
119
417
119
418
119
420
119
422
119
424
119
427
119
430
119
433
119
437
119
440
119
443
119
446
119
450
119
453
119
458
119
462
119
465
119
469
119
471
119
473
119
474
119
475
119
476
119
478
119
480
119
482
119
484
118
486
118
488
118
491
118
493
118
496
118
499
118
502
118
506
118
509
118
511
118
513
118
514
117
516
117
516
116
518
116
521
115
524
115
527
115
530
114
533
113
536
113
539
113
541
113
543
113
544
113
545
113
546
113
547
113
549
113
551
113
552
112
553
112
554
112
555
112
555
111
556
111
557
111
558
110
559
110
560
110
560
111
561
112
562
114
562
115
562
116
562
118
562
120
562
122
562
123
563
125
563
127
564
127
564
128
565
129
565
130
565
131
565
132
566
132
566
133
567
134
568
135
568
136
568
137
569
137
569
138
569
139
570
140
571
141
571
143
572
145
573
147
574
149
575
152
576
153
576
154
576
156
577
158
578
160
579
162
579
164
580
167
581
169
581
171
582
172
582
173
582
174
583
174
583
175
583
176
583
178
583
179
583
181
583
182
583
183
583
185
583
186
584
188
584
189
584
190
585
190
586
190
587
190
588
190
589
190
591
190
594
190
598
190
602
190
606
191
609
191
612
191
616
191
620
190
623
189
627
188
630
188
632
188
635
188
636
188
637
188
638
188
638
187
639
187
640
187
641
187
642
187
643
187
644
187
645
187
646
187
647
187
648
186
650
186
652
185
654
185
656
185
658
185
660
185
662
185
663
185
664
185
665
185
666
185
667
185
668
185
669
185
670
185
670
186
671
186
672
186
673
186
674
185
674
184
675
184
676
184
677
184
680
184
682
184
684
185
686
186
687
186
690
187
692
188
694
188
696
189
698
190
699
191
700
191
701
192
702
192
704
192
705
192
705
194
705
196
705
199
705
201
705
203
705
206
706
208
706
211
707
214
708
217
709
220
710
223
710
225
711
228
712
231
713
234
713
237
715
240
716
244
717
247
717
250
719
254
720
257
722
261
722
264
723
266
724
268
724
269
725
270
725
271
725
272
725
273
725
275
726
276
726
277
726
278
725
278
724
277
724
276
723
276
723
275
721
273
716
269
709
264
700
260
692
256
683
253
679
252
674
251
671
250
668
249
666
249
664
249
663
249
662
249
661
249
660
249
659
249
658
250
658
251
657
251
656
251
656
252
655
252
655
253
654
253
653
253
652
254
651
254
651
255
650
255
649
255
648
255
647
255
646
255
645
255
644
255
643
255
642
255
641
255
640
255
639
255
0
0
0
0
4
76
482
122
483
123
484
124
485
125
485
127
486
129
487
131
487
132
488
134
489
134
489
135
490
135
490
137
491
137
492
139
493
142
496
146
498
150
499
154
501
156
502
158
502
159
503
159
503
160
503
161
503
162
503
163
503
166
503
167
504
168
505
170
505
171
505
173
506
174
506
176
507
177
507
178
507
179
507
180
507
181
507
182
507
183
507
184
507
185
507
186
506
186
506
187
506
188
505
188
504
189
504
190
503
191
503
192
502
192
502
193
502
194
502
195
501
195
501
196
500
196
500
197
500
198
499
199
499
200
499
201
499
202
499
203
499
204
499
205
499
206
499
207
499
208
499
209
499
210
499
211
499
212
0
0
0
0
4
143
388
176
389
176
390
176
391
176
392
176
393
176
394
176
395
176
396
176
397
176
397
175
398
175
399
175
400
175
401
175
402
175
403
175
404
175
405
176
406
176
407
177
409
178
410
178
412
179
414
180
416
180
417
181
418
181
419
182
420
182
421
182
422
183
423
183
424
183
424
184
425
185
427
186
429
186
431
188
433
189
436
191
439
194
443
196
446
199
449
201
453
204
456
207
460
209
462
212
465
213
468
215
470
215
472
216
473
216
474
217
475
217
476
217
477
217
478
217
479
217
480
217
481
217
482
217
483
217
484
217
485
217
486
217
487
216
488
215
489
214
489
213
490
213
491
212
491
211
492
211
492
210
493
210
493
209
494
209
495
208
495
207
496
207
496
206
497
206
497
205
498
205
499
205
499
204
500
203
501
203
501
202
502
202
503
201
504
201
505
200
506
199
507
199
508
198
509
197
510
197
511
196
512
196
512
195
514
194
515
193
518
193
520
191
522
190
524
190
527
189
529
188
530
188
531
187
533
187
534
186
535
186
537
186
539
186
542
186
545
186
548
186
551
187
555
189
558
190
560
191
562
192
564
192
565
192
567
193
568
193
570
193
571
193
572
193
573
193
574
193
574
194
575
194
576
194
577
194
578
194
579
194
580
194
581
194
0
0
0
0
4
12
420
199
422
200
424
200
426
201
428
202
430
203
431
203
432
203
433
203
433
204
434
204
435
204
0
0
0
0
4
74
586
195
587
196
587
197
587
198
588
198
589
199
589
200
589
201
590
202
590
203
591
203
591
204
592
204
592
205
593
206
594
206
594
207
594
208
594
209
594
210
594
211
594
212
594
213
594
214
594
215
594
216
594
217
594
218
594
219
594
220
594
221
594
222
594
223
594
224
594
225
594
226
594
227
594
228
594
229
594
230
594
231
594
232
594
233
594
234
594
235
594
236
594
237
594
238
595
239
595
240
595
241
596
242
596
243
596
244
596
245
596
246
596
247
597
247
597
248
598
248
598
249
598
250
598
251
598
252
598
253
598
254
598
255
598
256
599
256
599
257
600
257
600
258
600
259
601
259
0
0
0
0
4
16
578
233
578
232
579
232
580
232
581
232
583
232
583
231
584
230
585
230
586
230
587
229
588
229
589
229
590
229
591
229
592
229
0
0
0
0
4
208
322
220
322
221
322
222
322
224
323
225
323
227
323
229
324
232
325
233
325
235
326
237
326
240
327
242
328
245
329
248
330
251
332
254
334
258
336
261
337
263
338
266
338
267
339
269
340
271
340
273
341
274
342
276
343
278
346
281
348
283
351
288
355
293
359
299
364
305
369
311
375
319
382
327
388
336
395
345
401
353
406
359
411
363
415
367
418
369
421
372
423
373
425
376
427
377
428
378
429
380
432
381
433
383
435
384
438
385
440
386
442
386
444
387
446
388
449
389
451
389
454
389
458
389
463
389
469
390
473
391
478
392
481
393
484
394
487
394
490
394
494
395
498
396
504
396
508
396
512
396
515
396
518
396
521
396
525
396
528
396
531
396
535
394
537
393
539
392
540
392
542
391
543
389
544
387
545
386
547
384
548
383
549
381
549
380
550
379
551
377
552
376
552
375
553
374
554
373
555
372
557
371
558
370
559
368
560
366
561
364
561
363
562
361
563
360
564
359
565
358
567
356
568
354
569
352
572
350
573
349
574
347
575
345
577
343
578
341
580
338
581
336
583
334
583
333
586
330
587
330
589
328
590
327
591
326
592
326
592
325
593
325
593
324
594
324
594
323
595
322
596
322
597
321
598
320
599
319
600
318
601
317
602
316
603
315
603
314
604
313
605
311
605
310
606
310
607
308
608
306
608
305
608
304
609
302
610
301
610
300
610
299
611
299
611
298
611
297
611
296
612
295
613
295
613
294
614
293
614
292
615
291
615
290
616
289
617
289
617
288
618
287
619
286
620
285
621
285
621
284
622
284
622
283
623
283
624
282
625
282
625
281
626
281
626
280
627
279
628
278
629
278
629
277
630
276
630
275
630
274
631
274
631
273
631
272
632
272
632
271
632
270
632
269
632
268
632
267
632
266
632
265
632
264
632
263
633
262
633
261
633
260
633
259
634
258
0
0
0
0
4
53
405
283
406
284
407
285
408
286
409
286
409
287
410
287
411
287
412
288
413
289
414
289
415
290
416
290
417
291
418
291
419
292
420
293
422
293
422
294
423
294
425
295
427
296
428
297
431
297
432
298
433
299
435
299
436
300
437
301
439
301
440
302
442
303
445
304
447
305
450
306
452
306
454
307
457
308
459
308
462
309
463
309
465
309
467
309
468
309
471
309
472
309
473
309
475
308
476
307
477
306
478
306
479
305
479
304
0
0
0
0
4
44
525
299
526
300
527
300
528
300
528
301
529
301
530
302
531
302
532
303
533
303
534
303
535
303
536
303
537
303
539
304
541
304
542
304
543
304
544
304
545
304
547
304
549
304
550
304
552
304
553
304
553
303
554
303
555
303
555
302
556
302
557
302
558
302
560
301
561
300
562
299
563
298
564
298
565
296
566
296
567
295
567
294
568
294
568
293
567
293
0
0
0
0
4
55
501
319
503
320
506
321
507
322
508
322
509
323
510
324
510
325
510
326
509
327
509
328
508
329
508
330
507
330
507
331
506
332
506
333
506
334
505
334
505
335
505
336
505
337
505
338
505
339
505
340
505
342
505
343
505
344
505
345
506
345
507
346
508
347
508
348
509
348
510
348
511
349
512
349
513
349
514
350
514
351
514
352
513
352
512
352
512
353
511
353
511
355
510
355
509
355
508
355
507
355
506
355
504
355
503
354
502
354
501
354
0
0
0
0
4
62
464
363
465
363
467
363
468
363
469
363
469
364
470
364
471
364
472
365
473
365
474
365
475
365
475
366
476
366
477
366
478
366
479
367
481
368
482
368
483
368
485
369
486
370
487
370
488
370
488
371
489
371
490
371
491
372
492
372
493
372
493
373
494
373
494
374
495
374
496
374
497
375
499
376
501
378
503
378
505
381
507
382
509
383
510
384
511
385
512
386
513
386
514
386
514
387
516
387
517
387
518
387
519
387
520
387
520
386
521
385
521
384
522
384
522
383
523
383
524
382
524
381
525
380
0
0
0
0
4
17
470
359
469
359
468
359
467
359
466
359
465
359
465
360
465
361
464
362
463
362
462
362
461
362
460
362
460
363
459
364
459
365
458
365
0
0
0
0
4
16
527
376
526
376
525
376
524
376
524
377
525
378
526
379
527
379
528
380
528
381
529
381
530
381
531
381
532
382
533
382
534
382
0
0
0
0
4
365
254
149
253
151
250
155
248
157
245
159
243
162
241
164
239
166
237
166
236
167
235
168
235
169
234
171
233
171
233
172
232
173
232
174
231
175
230
176
230
177
229
177
229
178
230
178
232
178
234
178
239
177
242
177
246
175
252
173
259
171
266
168
273
166
279
164
285
162
288
159
291
159
295
157
298
156
300
155
302
154
304
153
306
152
309
152
309
151
309
154
309
156
307
158
305
160
302
164
300
167
296
170
294
172
292
174
290
175
290
176
289
176
289
177
289
178
292
178
294
178
297
176
300
175
304
173
309
170
314
169
318
168
323
166
326
166
329
165
331
164
333
164
334
164
334
166
332
169
331
173
327
179
324
182
323
185
320
189
318
191
317
194
316
196
315
197
315
198
315
199
316
199
318
199
321
196
327
192
333
188
342
185
350
183
358
181
364
181
370
180
375
179
377
179
378
179
379
179
379
181
378
184
377
187
374
190
373
194
371
197
370
199
369
201
368
202
368
203
368
204
369
204
371
204
374
203
378
200
382
198
388
195
393
192
398
189
402
186
405
184
407
182
407
183
405
186
403
191
399
195
396
199
394
202
392
205
391
207
391
208
392
208
395
206
400
203
404
199
409
196
414
194
417
191
421
188
424
188
426
187
427
186
428
186
426
190
422
193
418
199
415
203
412
207
410
208
409
209
409
210
410
210
413
210
416
208
421
205
428
202
434
198
441
195
447
192
453
189
458
189
461
188
462
188
463
188
462
190
460
193
457
199
453
205
449
210
447
214
446
215
446
216
445
216
446
216
453
213
462
208
470
205
478
203
484
201
490
200
493
200
495
199
495
200
492
202
490
204
488
207
486
209
485
211
484
212
484
213
483
213
484
213
490
210
498
207
507
204
515
202
521
200
526
199
529
198
532
197
530
199
525
203
519
207
513
211
508
214
506
215
504
216
503
216
503
217
502
217
501
218
502
218
508
214
514
210
521
206
527
203
533
200
539
197
543
195
548
193
551
192
553
191
555
191
555
192
552
198
548
205
544
210
540
216
538
219
535
222
534
223
536
223
539
223
545
221
552
218
559
214
565
212
571
209
574
206
576
205
578
205
578
207
577
210
576
216
573
219
572
222
571
225
571
226
571
227
572
227
573
227
575
226
577
224
580
221
583
220
587
217
590
216
592
214
594
213
595
213
595
214
594
216
593
219
591
224
588
228
586
232
583
235
581
238
580
239
583
236
587
233
590
229
595
225
599
222
602
219
605
218
608
217
610
216
610
217
608
221
606
225
603
230
601
235
599
237
598
239
598
240
599
240
600
240
603
237
607
234
613
230
619
226
625
223
632
219
640
216
648
213
653
211
657
209
660
208
661
207
661
209
658
214
655
220
652
225
651
228
650
230
649
231
650
231
653
228
656
224
661
218
665
212
668
207
671
204
672
202
672
200
671
203
669
211
666
220
663
225
660
231
658
235
658
237
658
238
659
238
660
238
663
235
665
232
669
228
674
224
678
218
681
215
684
212
684
211
685
211
685
210
685
214
684
222
682
230
681
238
681
245
681
248
681
251
682
253
683
254
684
254
685
254
686
254
688
254
691
252
694
249
698
245
701
243
705
240
707
238
709
236
711
236
712
235
713
235
713
236
712
239
710
242
710
246
709
248
710
248
711
248
0
0
0
0
4
81
387
224
387
225
387
226
387
227
387
228
387
230
387
231
387
232
387
233
387
234
387
235
387
236
387
237
388
237
389
238
390
239
391
239
391
240
392
241
393
242
394
243
395
244
396
245
397
246
398
246
398
247
399
247
400
247
401
247
403
247
405
247
407
247
409
247
412
247
414
246
416
245
418
245
419
244
420
243
421
243
422
243
422
242
423
242
423
241
423
240
423
239
422
239
421
238
420
237
419
236
418
236
417
235
415
234
414
234
413
233
412
233
411
233
411
232
409
232
408
232
407
232
406
231
405
231
404
231
403
230
401
230
400
229
399
229
398
229
397
229
396
229
394
229
393
229
391
229
390
229
389
229
388
228
387
228
387
227
386
227
385
227
0
0
0
0
4
56
629
261
630
262
631
263
631
265
632
266
633
267
633
269
634
270
635
271
636
272
637
273
638
274
639
275
639
276
640
276
641
277
642
277
644
278
645
278
646
278
647
278
648
278
649
278
650
277
651
277
653
276
654
275
654
274
654
273
654
272
654
270
653
270
653
269
652
269
652
268
651
267
650
266
649
266
648
265
647
264
646
263
645
263
645
262
644
262
643
261
642
261
642
260
641
260
640
260
639
260
638
260
636
260
635
260
635
259
634
259
633
259
0
0
0
0
4
67
696
251
696
252
696
253
696
254
696
255
696
256
696
257
695
259
694
262
694
264
693
266
692
268
691
271
691
272
691
273
691
274
691
275
691
276
691
278
692
280
693
282
693
285
694
287
695
288
695
289
696
290
697
291
697
292
698
292
699
292
700
292
701
292
702
292
703
292
704
292
705
291
705
290
706
288
707
286
707
283
707
281
707
279
707
276
707
273
707
271
707
269
707
267
706
264
706
262
705
262
704
261
704
260
703
260
703
259
702
259
702
258
701
258
700
258
700
257
699
256
698
255
698
254
697
254
696
253
695
253
693
253
691
254
0
0
0
0
4
72
392
349
391
349
391
350
390
350
390
351
389
353
388
355
387
357
387
359
386
361
385
363
385
365
384
366
383
367
383
368
382
369
381
371
380
373
380
374
379
376
378
378
377
380
377
382
376
384
375
385
375
386
374
386
374
387
373
387
373
388
372
388
372
389
371
391
370
393
370
395
369
397
368
399
367
401
366
402
366
403
365
404
365
405
364
405
364
406
364
407
363
408
363
409
362
410
362
412
362
414
362
416
362
418
362
419
362
420
362
422
363
424
363
426
363
428
363
430
363
431
363
433
363
434
363
435
363
436
364
437
364
438
364
439
365
439
365
440
366
441
367
442
368
442
0
0
0
0
4
54
570
352
571
352
572
354
574
354
575
357
577
359
578
361
580
363
581
366
584
369
586
372
589
375
591
378
593
380
594
383
594
385
595
387
596
389
596
391
597
394
598
396
599
397
599
399
600
400
600
401
600
402
600
403
600
405
600
407
600
409
600
411
600
413
600
415
600
418
599
420
598
422
597
424
597
426
596
429
596
430
595
430
595
431
595
432
594
432
594
433
594
434
594
435
593
435
592
436
592
437
591
438
591
439
590
439
589
439
0
0
0
0
4
115
366
440
368
440
369
440
370
440
371
440
373
440
375
440
377
440
380
440
383
440
387
440
390
440
393
440
396
440
400
440
403
440
407
440
410
440
413
441
416
442
419
442
422
442
424
442
426
442
427
442
428
442
429
442
430
442
431
442
433
442
435
441
437
441
440
441
442
440
445
439
447
438
450
438
452
438
454
438
456
437
457
437
458
437
460
437
462
436
464
435
466
435
468
435
471
434
474
434
477
434
480
434
484
435
487
435
490
436
493
436
496
437
498
437
501
437
503
437
505
437
507
437
510
437
512
436
515
436
517
436
519
436
521
436
522
436
524
436
527
436
529
436
531
436
533
436
535
436
537
436
540
436
542
436
545
436
547
437
549
437
551
437
552
437
555
437
555
438
556
438
557
438
558
438
559
438
560
438
562
438
563
438
564
438
565
438
566
438
567
438
568
438
569
438
570
438
571
438
572
438
573
438
575
438
576
438
577
438
578
438
579
438
580
438
581
438
582
438
582
439
583
439
584
439
585
438
586
438
587
437
255
0
0
0
4
97
280
223
281
223
282
223
281
223
280
223
279
223
278
222
277
222
278
223
279
223
279
224
280
224
281
225
282
225
283
226
284
226
285
226
286
226
287
226
288
226
288
227
289
227
289
228
289
229
288
229
287
229
286
229
285
229
284
229
283
230
282
230
282
231
282
232
281
233
281
234
281
235
281
236
282
236
283
236
283
237
284
237
285
237
286
237
287
237
288
237
289
237
289
238
290
238
291
238
292
238
291
239
290
240
289
241
288
242
287
243
286
243
287
244
288
244
288
245
289
245
290
245
291
246
292
246
293
246
294
246
295
246
296
246
297
246
298
246
299
246
300
246
301
246
301
247
301
248
300
249
300
250
299
250
299
251
298
251
298
252
298
253
297
253
297
254
297
255
297
256
298
256
299
256
300
256
301
256
302
256
303
256
304
256
305
257
306
257
307
257
308
257
309
257
128
255
0
0
4
182
530
224
529
224
528
224
527
224
526
224
525
224
523
226
520
227
518
227
516
228
515
229
513
229
511
230
510
230
509
231
508
231
507
231
506
232
505
232
503
233
502
234
500
234
499
235
498
235
497
235
496
235
495
236
494
237
492
237
492
238
491
239
493
240
494
240
496
241
498
241
501
241
503
241
505
241
507
241
508
241
510
240
511
240
511
239
513
238
514
238
515
237
516
237
517
237
518
237
519
237
520
237
521
237
522
237
523
237
524
237
525
237
526
237
527
237
528
237
529
238
530
238
531
239
532
239
533
240
534
240
535
240
535
241
535
242
536
242
534
242
532
243
530
244
528
244
526
245
524
246
521
246
519
247
518
248
516
248
514
249
511
249
509
250
507
251
506
252
503
252
502
252
501
252
500
252
497
252
496
252
495
252
493
252
491
252
488
251
487
251
486
251
485
251
485
250
484
250
483
250
482
250
484
250
486
251
488
251
489
251
491
252
492
252
493
252
494
252
495
252
496
253
497
253
498
253
499
253
500
253
501
253
502
253
503
253
504
253
505
253
506
253
507
253
508
253
509
253
510
253
513
253
514
253
515
252
516
252
518
252
519
252
520
252
521
252
522
252
521
253
520
253
520
254
519
254
518
255
517
255
515
257
513
258
512
260
509
261
507
262
506
263
505
263
505
264
504
264
503
265
502
265
501
266
500
266
499
266
498
266
497
266
496
266
495
266
494
266
493
266
492
266
490
266
489
266
488
267
487
267
486
267
485
267
484
267
483
267
482
267
481
266
483
266
484
267
485
268
486
268
487
268
487
269
488
269
488
270
489
270
490
270
491
270
64
0
128
0
4
64
698
266
698
267
699
267
700
267
700
268
701
268
702
268
703
268
704
268
705
268
706
268
707
268
707
269
706
269
706
270
705
270
704
270
704
272
703
272
703
273
702
273
701
273
701
274
700
274
699
274
699
275
698
275
698
276
697
276
696
276
696
277
695
277
695
278
695
279
695
280
696
280
697
280
698
281
699
281
700
281
701
281
702
281
703
281
704
281
703
281
702
281
701
281
701
282
700
282
700
283
700
284
699
285
698
286
697
286
696
286
696
287
696
288
697
288
698
288
698
289
699
289
700
289
701
289
702
289
128
0
64
0
4
87
392
234
393
234
394
235
395
235
396
236
397
236
398
236
398
237
399
237
400
237
400
238
401
238
401
239
402
239
403
239
404
240
405
240
406
240
405
240
404
240
403
240
402
240
401
240
400
239
399
239
398
238
399
239
400
239
400
240
401
240
401
241
402
242
403
242
404
243
405
243
406
243
407
243
408
243
409
243
410
243
411
243
412
243
413
243
414
242
415
241
416
241
416
240
417
240
418
239
416
239
415
239
414
239
413
239
412
239
411
239
410
239
409
239
408
239
407
239
406
239
405
239
404
239
404
238
403
238
402
238
403
238
404
238
406
238
407
238
408
238
409
238
410
238
411
238
411
237
411
236
409
236
408
235
407
234
404
234
402
233
400
232
399
231
397
231
395
230
394
230
392
229
391
229
0
255
255
0
4
44
637
264
638
264
639
264
640
264
641
264
642
264
643
264
644
264
645
264
646
264
647
264
646
264
645
264
644
265
643
265
643
266
642
267
641
268
640
269
639
269
638
269
638
270
639
270
640
271
641
271
642
271
643
271
644
271
645
271
646
271
647
271
648
271
649
271
650
272
651
272
652
272
651
272
650
272
650
273
649
273
649
274
648
275
647
275
646
275
64
0
0
0
4
585
222
184
223
183
224
182
226
180
228
179
230
178
232
177
234
177
236
176
239
175
241
174
243
174
245
173
247
173
249
172
250
172
250
171
251
170
252
170
252
169
253
169
255
169
257
168
260
166
261
166
263
164
266
164
268
162
270
161
271
161
272
161
272
160
273
160
274
160
275
160
275
159
276
158
277
158
279
158
280
158
281
158
284
160
284
165
285
169
286
175
287
179
288
182
289
185
289
188
289
191
289
193
289
195
289
196
290
196
290
197
290
198
291
198
291
199
292
200
293
201
293
202
294
203
295
203
295
204
296
204
298
204
300
202
302
199
305
196
307
194
310
191
312
189
314
188
316
186
319
184
321
183
321
182
322
182
323
182
323
181
324
181
325
180
326
179
327
178
328
177
329
177
331
176
332
175
333
175
334
175
335
175
336
174
337
175
338
177
339
180
340
183
341
187
343
189
344
191
345
193
346
194
346
195
347
196
348
197
348
199
349
200
350
201
350
203
352
205
352
207
353
208
354
211
355
212
356
212
356
213
356
214
357
214
358
214
359
213
359
210
360
208
361
205
363
201
366
198
369
195
371
192
372
191
373
189
375
187
376
186
378
185
379
184
380
183
381
183
382
182
383
182
385
183
385
185
386
187
388
191
388
194
390
197
391
200
392
203
392
206
393
209
394
212
395
213
395
214
396
216
397
218
398
220
399
221
399
222
400
222
402
222
402
220
404
218
405
216
406
214
407
212
407
211
408
210
409
208
410
207
411
205
412
204
413
204
414
204
414
205
415
207
416
209
417
211
417
213
418
214
418
215
419
215
420
216
421
216
422
215
423
213
424
213
425
212
425
211
426
209
427
208
428
207
428
205
429
205
429
204
430
203
431
202
432
202
433
202
434
202
435
202
436
202
437
202
439
203
440
205
442
207
444
210
446
215
448
219
449
222
451
225
451
226
453
228
454
228
455
228
456
228
459
227
462
224
465
222
467
220
469
218
470
217
471
216
472
215
475
214
477
213
479
213
481
213
482
212
484
212
485
211
486
211
487
211
488
211
489
212
490
214
491
216
492
217
493
218
494
219
495
219
496
219
497
219
498
219
499
219
502
218
504
217
506
215
509
212
511
210
514
207
517
205
520
203
522
200
525
199
527
198
528
197
529
197
529
196
530
196
532
198
533
201
535
204
535
210
537
216
538
221
540
226
541
228
542
229
542
230
543
230
544
230
545
230
547
230
549
230
552
228
553
226
555
224
558
221
560
219
562
217
563
214
564
213
564
212
565
211
566
212
566
216
566
219
567
222
568
225
569
227
570
228
571
228
572
228
574
227
577
224
579
222
583
219
585
216
588
213
590
210
594
207
596
205
598
203
601
200
603
199
604
197
606
197
606
196
607
200
608
208
609
216
610
222
611
224
612
226
613
227
614
227
617
227
619
225
622
223
624
220
626
218
629
216
631
213
632
211
633
209
634
208
635
207
635
209
635
214
635
218
636
224
637
227
637
229
638
230
639
230
639
231
640
231
641
231
642
230
643
227
644
224
646
222
648
220
650
218
653
215
654
213
655
212
655
210
656
210
656
209
657
213
657
218
658
224
659
227
661
231
662
232
663
232
664
232
665
230
666
227
669
225
671
221
675
218
679
214
681
210
683
208
685
207
685
206
686
206
686
208
686
212
685
217
684
223
683
229
683
232
683
233
684
233
685
233
686
231
688
228
690
225
692
221
694
218
696
216
697
214
697
212
698
211
698
212
697
215
697
218
697
219
697
220
698
220
699
219
700
216
701
213
702
209
702
207
702
204
702
202
702
200
702
199
702
198
702
203
701
210
700
216
699
219
699
221
698
222
698
221
698
218
698
212
697
209
697
206
695
203
694
201
693
201
692
201
692
200
691
201
688
204
684
209
680
215
676
221
672
227
670
231
667
233
667
234
667
235
667
233
667
230
665
224
663
221
662
219
660
217
658
214
657
213
656
213
655
214
651
217
647
223
641
228
634
233
628
236
624
239
622
240
622
237
622
230
622
222
622
217
622
211
622
208
622
207
622
206
620
207
616
212
612
216
608
220
607
223
605
224
605
225
604
225
605
221
605
216
606
212
606
207
606
204
606
202
606
201
606
200
605
200
601
202
595
206
588
210
580
213
573
215
569
217
568
217
568
216
568
215
569
215
569
214
570
214
570
213
570
212
571
212
570
212
568
212
566
212
563
212
562
212
562
210
564
208
566
206
567
205
568
203
568
202
566
202
561
203
556
204
551
205
545
206
539
207
536
207
534
207
534
206
535
204
536
202
537
200
539
198
540
196
541
195
540
195
538
195
533
199
523
204
510
211
498
214
485
217
475
220
467
223
461
224
458
225
456
225
455
225
456
224
458
222
459
222
460
220
461
219
462
218
462
217
463
216
464
215
461
215
460
215
459
215
461
214
464
212
467
211
469
209
471
209
472
208
473
207
472
207
470
208
468
208
466
209
464
209
461
209
456
209
446
209
434
208
415
205
398
204
385
201
377
200
373
199
373
198
373
197
374
197
374
196
375
196
377
195
379
194
381
194
382
194
383
194
379
195
373
198
365
200
357
203
352
204
347
205
345
205
343
205
342
205
343
205
340
205
337
206
334
207
328
208
323
208
319
208
316
208
313
208
313
207
312
207
311
207
255
255
0
0
4
371
383
363
384
363
385
363
386
363
387
363
388
363
388
364
389
364
390
364
391
364
392
364
393
364
393
365
394
365
395
365
396
365
397
365
398
365
399
365
400
365
401
366
402
367
402
368
403
368
404
368
405
369
406
369
407
369
408
369
409
370
409
371
410
371
412
371
413
371
414
371
413
373
411
373
411
374
410
374
408
375
406
376
404
376
402
376
400
376
398
377
398
378
397
378
397
379
396
379
396
380
396
381
395
381
394
381
394
382
393
383
392
384
392
385
391
385
390
386
390
387
389
387
389
388
388
388
388
389
387
389
386
389
386
390
385
390
384
390
383
390
382
390
381
390
381
391
380
391
379
391
378
391
377
391
377
392
376
392
375
392
375
393
377
393
378
394
379
394
379
395
380
395
381
397
382
397
385
399
387
400
389
402
391
403
394
405
396
406
398
408
400
409
403
412
404
414
406
415
409
418
411
419
414
422
417
424
419
426
421
426
423
428
425
429
427
429
429
430
430
431
433
431
434
432
435
433
436
433
437
433
438
433
439
433
440
433
441
432
442
431
443
430
443
429
444
429
444
428
445
427
446
426
446
425
447
425
448
424
448
423
448
422
448
421
449
421
449
420
450
419
451
418
452
417
453
416
454
416
454
415
455
414
455
413
456
413
456
412
457
412
458
411
458
410
459
410
460
409
461
408
462
408
463
407
463
406
464
405
465
404
466
403
467
402
467
401
468
401
468
400
469
400
469
399
470
398
470
397
471
397
471
395
472
395
472
394
472
393
473
393
473
392
474
392
475
392
475
393
476
394
477
396
478
398
479
401
480
403
480
405
481
407
482
409
483
410
483
411
484
411
485
412
485
413
486
413
486
414
487
415
487
416
487
417
488
417
489
418
489
420
490
422
491
424
491
425
492
427
493
427
493
428
494
428
494
429
494
430
495
430
496
431
497
431
497
432
498
432
498
433
499
433
499
434
500
434
501
435
502
435
503
434
504
434
504
433
505
432
505
431
505
430
505
428
505
427
505
426
505
425
505
423
505
421
505
419
505
418
505
417
505
416
506
416
506
415
507
415
507
414
508
414
509
414
510
413
511
412
512
412
513
412
513
411
514
411
515
410
516
409
517
409
518
408
519
407
519
406
520
406
521
405
522
405
523
405
524
404
525
404
526
404
527
404
527
403
528
403
529
403
529
402
530
401
530
400
531
400
532
401
533
402
534
403
535
404
536
405
537
406
538
407
539
408
539
409
539
410
540
410
541
411
542
411
542
412
543
413
543
414
544
414
545
414
545
415
546
415
546
417
547
417
548
418
549
419
549
420
550
420
550
421
551
422
551
423
552
423
552
424
553
424
553
425
554
426
554
425
555
424
556
423
556
422
557
421
557
420
557
419
558
418
559
416
559
415
559
414
560
413
561
411
561
410
561
408
562
407
562
406
563
404
563
403
564
402
565
400
565
399
565
398
565
397
566
397
566
396
566
395
567
395
567
394
568
394
568
393
569
393
569
392
570
391
570
390
571
390
572
389
573
389
574
388
575
387
576
386
577
385
578
384
579
383
580
382
581
381
582
381
583
381
583
380
584
379
586
378
587
378
588
378
589
378
589
379
589
380
590
381
591
382
591
383
592
384
592
385
592
386
593
387
593
388
593
389
593
390
594
390
594
391
595
392
595
393
596
394
596
395
596
396