10
22
0
16711935
282
179 146
179 147
179 148
179 149
179 150
179 153
179 154
179 157
179 160
179 165
179 169
179 172
179 177
179 183
179 190
179 195
179 204
179 209
179 216
179 223
179 230
179 237
179 244
179 249
179 256
179 263
179 272
179 279
179 287
179 294
179 303
179 310
179 318
179 325
179 334
179 343
179 351
179 360
179 368
181 376
181 384
181 391
182 398
183 407
184 413
184 418
185 424
185 427
185 431
186 434
186 436
186 437
186 438
186 439
187 439
188 439
189 439
191 439
194 440
195 440
198 440
200 440
203 440
206 440
210 440
214 440
218 440
222 440
225 440
229 440
233 440
237 440
240 440
243 440
246 440
250 439
253 439
257 439
259 439
263 439
266 439
271 439
276 439
282 439
290 439
297 438
306 436
315 436
324 435
332 434
340 433
348 431
356 430
363 429
370 428
375 428
381 427
386 427
393 427
398 427
405 425
414 424
423 424
433 424
442 424
452 424
461 424
469 424
478 424
483 424
487 423
492 423
495 423
498 423
501 423
502 423
504 423
505 423
505 422
505 421
505 419
505 417
505 415
505 411
505 409
504 407
504 404
504 401
503 398
503 394
503 392
503 387
503 381
503 374
503 367
503 359
503 350
503 338
503 325
503 314
503 302
503 289
503 275
503 262
503 248
503 233
503 221
503 210
503 202
502 193
502 184
500 179
499 173
498 168
497 164
496 161
495 158
495 155
494 152
494 150
493 147
493 144
493 141
493 139
492 139
490 139
488 139
485 139
482 139
480 139
476 139
472 139
467 139
463 139
456 139
450 139
444 139
439 139
434 139
430 139
426 139
423 140
420 140
417 140
413 141
410 141
406 142
402 143
396 144
391 144
384 145
375 147
368 148
359 149
352 149
345 149
340 150
336 150
332 150
330 151
329 151
327 151
326 151
325 151
323 151
322 152
319 152
316 152
311 152
307 152
302 152
299 152
297 152
294 152
293 152
292 152
290 152
288 152
287 152
285 152
283 152
282 152
279 152
276 152
275 152
272 152
270 152
268 152
265 152
263 152
260 153
256 154
253 155
250 156
248 157
245 158
243 159
241 160
241 161
240 161
240 162
239 162
238 162
237 162
236 162
234 162
233 162
232 162
231 162
230 162
229 162
227 162
226 162
224 162
222 162
221 162
219 161
217 161
216 161
214 160
212 160
209 159
208 159
207 158
205 158
204 158
203 158
201 157
200 156
199 156
199 155
197 155
196 155
195 154
194 154
192 153
192 152
190 152
189 152
187 152
186 152
185 152
22
0
16711935
122
182 147
182 146
182 144
182 143
182 141
184 139
186 136
190 134
195 131
199 128
204 124
210 121
214 116
217 112
222 108
227 104
231 99
235 93
239 90
243 85
244 82
248 78
251 75
252 72
253 70
254 68
255 66
256 64
258 63
260 61
262 58
265 56
267 54
272 51
276 48
280 45
285 42
289 40
292 38
294 36
295 35
297 34
298 34
299 33
301 32
303 32
305 31
306 30
308 30
309 30
310 30
311 30
312 30
314 30
317 30
319 30
321 30
324 32
328 32
330 33
333 34
335 35
337 37
340 38
342 38
344 39
347 39
350 40
352 41
354 42
355 43
356 43
357 45
359 46
360 46
361 47
363 48
365 49
366 50
367 51
369 51
371 53
371 54
373 56
375 57
376 58
378 60
380 62
383 65
388 68
395 72
403 77
412 82
421 86
432 92
440 96
447 99
453 102
456 105
458 106
459 106
460 107
460 108
461 108
462 108
463 108
464 109
465 109
466 109
466 110
466 111
468 111
469 112
470 114
471 116
473 119
474 121
476 124
477 125
478 127
478 130
479 131
1
3
16711680
85
259 202
259 203
259 204
259 205
259 206
259 207
259 208
259 209
259 210
259 212
259 214
259 215
259 216
260 217
260 218
260 220
260 221
260 223
260 224
260 225
260 226
260 227
260 228
260 229
260 230
260 232
260 233
260 234
260 235
260 237
260 239
261 241
261 243
261 246
261 247
261 250
261 253
261 255
261 257
261 260
261 261
261 262
261 263
261 264
261 265
261 266
261 267
261 268
261 269
261 270
261 271
261 272
261 273
261 274
261 275
261 276
261 277
261 278
261 279
261 280
261 281
261 282
261 283
261 284
261 285
261 286
261 287
261 288
261 289
261 290
261 292
261 293
261 294
261 295
261 296
261 297
261 298
261 299
261 300
261 301
261 303
261 304
261 305
261 306
261 307
1
3
16711680
101
210 261
211 261
212 261
213 261
214 261
215 261
216 261
217 262
219 262
220 262
221 262
222 262
222 263
223 263
224 263
225 264
226 264
227 265
228 265
230 266
233 266
235 266
235 267
237 267
238 267
239 267
240 267
241 267
241 268
242 268
243 268
244 269
245 269
247 270
248 270
249 270
251 270
252 270
253 270
254 270
255 270
256 270
258 270
259 270
260 270
261 270
262 270
263 270
264 270
265 270
266 270
267 270
268 270
269 270
270 270
272 270
273 270
274 270
275 270
277 270
278 270
279 270
281 270
283 270
284 270
285 270
287 270
288 270
289 270
291 270
293 270
294 270
296 270
298 269
299 268
300 268
301 267
302 267
303 267
304 267
306 266
307 266
307 265
308 265
309 265
309 264
310 264
311 264
312 263
313 262
313 261
314 261
315 261
316 261
316 260
317 260
318 260
318 259
319 259
320 259
320 258
8
0
16711680
267
207 206
207 207
207 210
207 213
207 216
208 220
210 225
210 229
210 233
210 238
210 242
210 247
210 251
211 256
211 260
212 265
213 269
213 273
214 274
215 278
215 281
215 283
215 285
215 287
215 288
215 289
215 291
215 293
215 294
216 295
216 296
217 297
217 298
217 299
217 300
217 301
217 302
218 302
218 303
220 303
221 303
222 303
223 303
224 303
225 303
227 303
228 303
229 303
230 303
231 303
232 303
233 303
234 303
236 303
237 303
238 303
239 303
240 303
241 303
242 303
243 303
244 304
245 304
247 305
250 306
254 306
258 307
262 308
265 309
267 310
269 310
270 311
271 311
272 311
273 311
274 311
275 311
276 311
277 311
278 311
279 311
280 311
281 311
282 311
283 311
284 311
285 311
286 311
287 310
290 310
292 309
293 309
295 308
298 308
299 307
304 306
307 306
309 306
312 305
315 304
317 303
318 302
319 301
320 301
321 301
322 301
324 300
325 300
326 300
327 300
328 300
328 299
328 298
328 297
328 296
327 294
326 292
325 291
325 290
324 289
324 287
323 286
323 284
322 283
322 282
322 281
322 280
322 279
322 278
321 276
321 275
321 274
320 272
320 270
320 268
319 267
319 265
318 262
317 260
317 258
316 256
316 254
316 251
316 249
316 247
316 244
316 242
316 240
316 237
316 234
316 233
316 230
316 228
316 227
316 225
316 222
316 221
316 219
316 218
316 217
316 215
316 214
316 213
316 211
316 210
316 208
316 207
316 206
316 205
316 204
315 204
315 203
314 203
313 202
313 201
313 200
312 200
311 200
310 200
310 199
309 199
308 198
307 198
307 197
306 197
305 197
304 197
302 197
302 196
300 196
299 196
298 196
296 196
294 196
292 196
291 196
290 196
289 196
288 196
287 196
286 196
285 196
284 196
283 196
282 196
280 197
277 198
275 199
273 201
272 203
270 204
268 206
267 207
266 208
266 210
265 211
264 211
262 212
262 213
260 214
259 215
258 215
257 216
255 217
254 218
253 218
252 218
250 218
248 218
246 218
244 219
243 219
241 219
238 219
236 219
234 219
233 219
232 220
230 220
229 220
228 220
226 220
225 220
223 220
222 220
221 220
220 220
219 220
218 220
217 220
216 220
216 219
215 219
214 219
214 218
213 218
213 217
211 216
210 215
210 214
209 214
209 213
208 212
208 210
207 210
206 209
206 208
22
0
4210816
67
349 222
349 223
349 224
349 226
349 227
349 228
349 230
349 231
349 234
349 238
350 242
350 246
350 248
351 251
351 254
352 256
352 258
352 261
352 264
353 266
353 268
353 269
353 271
353 272
354 272
354 273
354 275
354 276
354 278
354 279
354 280
354 283
354 285
355 288
355 291
355 293
356 295
356 298
356 300
356 302
356 305
356 309
357 312
357 314
358 317
358 320
359 325
360 329
360 333
361 338
361 343
362 353
362 358
363 362
363 366
363 368
364 371
364 374
365 376
365 377
366 379
366 381
366 382
367 383
367 384
367 385
367 386
22
0
4210816
11
366 391
366 392
366 393
366 394
366 395
366 396
366 397
366 398
366 399
366 400
367 400
22
0
4210816
121
351 216
352 216
354 216
355 216
356 216
357 216
358 216
360 215
363 215
366 215
369 215
373 215
379 214
388 213
392 213
394 212
397 212
400 211
402 211
403 211
404 211
405 211
407 211
408 211
409 211
410 211
411 211
413 211
414 211
416 211
418 211
419 211
422 211
424 211
425 211
427 211
429 211
430 211
431 212
431 213
431 214
431 215
431 216
431 217
431 218
431 219
432 219
432 220
432 221
432 222
432 223
432 224
432 225
432 226
433 227
434 228
434 229
434 230
434 231
434 232
434 233
434 234
434 235
434 236
435 238
435 240
435 242
436 243
436 245
437 247
437 248
438 250
439 253
440 257
441 259
442 261
443 264
444 267
445 270
447 275
447 278
448 282
450 289
452 294
454 299
455 303
456 308
458 312
460 320
462 326
463 330
464 335
466 345
467 349
468 353
471 361
472 366
473 370
474 374
476 381
476 384
477 387
477 391
477 393
477 394
477 396
477 399
477 400
477 404
477 405
477 406
477 407
477 410
477 412
477 414
476 415
476 417
476 418
476 419
475 419
475 420
22
0
4210816
19
375 331
375 332
376 332
378 332
381 332
383 332
386 332
387 332
388 333
390 333
392 333
395 334
402 335
403 335
401 335
400 335
399 335
398 335
397 335
22
0
4210816
42
369 374
369 375
369 376
369 377
370 379
370 380
370 381
370 382
370 383
370 384
370 386
370 387
370 388
370 389
370 390
370 391
370 392
370 393
370 394
370 395
370 396
370 397
370 398
370 399
370 400
370 401
370 402
370 403
370 404
370 405
370 406
370 407
370 408
370 409
370 410
370 411
370 412
370 413
370 414
370 415
370 416
369 417
