22
22
0
65535
623
923 33
919 34
916 35
914 36
913 36
911 36
910 36
909 36
909 35
910 35
912 35
915 35
918 35
924 35
931 35
937 35
946 36
957 36
964 37
971 37
976 37
980 37
983 37
988 37
995 37
1000 37
1004 37
1006 37
1005 37
1001 36
994 36
985 36
973 38
957 41
942 43
928 48
917 52
907 54
901 57
897 58
895 60
893 62
893 64
893 65
894 65
897 65
899 66
906 67
915 67
927 68
942 69
959 71
973 72
983 73
989 73
993 73
995 73
997 73
998 73
999 73
996 73
991 73
983 71
976 70
967 69
959 68
946 66
935 66
921 66
907 66
895 66
887 66
882 66
875 66
871 66
868 66
870 67
874 68
881 71
892 72
906 73
919 75
939 78
956 79
974 79
990 79
1003 79
1026 79
1032 79
1029 79
1027 80
1022 80
1011 81
997 84
971 87
958 89
946 90
934 90
926 91
920 91
920 92
923 92
927 93
931 94
938 95
949 98
968 101
980 101
992 104
1006 105
1020 106
1030 108
1035 108
1036 108
1035 108
1032 108
1028 108
1022 108
1013 108
1001 108
987 109
975 109
962 110
949 113
940 114
933 116
928 117
924 117
927 118
934 119
943 122
955 125
969 127
983 130
997 133
1009 136
1021 137
1032 138
1042 140
1051 141
1058 142
1062 143
1064 143
1061 143
1056 143
1045 143
1032 143
1017 143
1001 145
983 146
961 147
939 149
922 150
907 152
895 153
886 154
880 156
881 156
882 156
884 156
888 156
893 156
903 156
914 156
927 156
941 156
955 155
968 154
982 152
994 151
1005 148
1016 144
1025 142
1032 141
1036 139
1037 138
1037 137
1037 136
1036 135
1035 134
1031 133
1027 133
1020 132
1011 131
999 131
987 129
972 128
957 128
940 128
919 128
902 128
888 128
875 130
866 130
861 130
860 132
860 133
860 134
861 135
862 135
866 136
870 137
878 140
885 142
894 145
905 148
920 150
936 153
951 156
968 157
983 157
997 157
1009 157
1018 157
1025 157
1027 156
1029 155
1028 155
1024 154
1015 152
1010 152
1001 152
993 152
982 152
972 151
962 151
951 151
941 151
935 150
930 150
927 150
925 149
922 149
920 148
919 148
918 147
916 146
913 145
911 143
910 141
910 140
912 139
915 138
926 137
935 135
947 134
961 133
975 130
989 127
1003 123
1014 118
1022 111
1025 107
1026 103
1027 99
1027 96
1027 95
1026 94
1024 93
1022 93
1018 91
1010 89
1003 87
994 86
984 83
971 80
954 76
934 71
914 67
894 64
882 61
868 58
858 57
851 56
845 55
844 55
843 57
842 57
840 58
837 60
835 62
831 64
828 66
825 68
824 71
823 71
823 73
823 75
824 75
826 76
829 77
832 78
836 79
841 81
850 83
859 85
870 86
880 89
891 90
896 90
900 91
901 91
899 91
893 91
888 91
877 92
873 93
870 95
867 97
864 100
860 103
857 106
854 108
851 109
850 111
850 112
853 113
864 115
871 115
880 115
890 115
900 115
909 115
918 115
924 112
928 110
931 108
932 106
932 105
932 104
932 103
931 103
930 102
929 102
926 102
922 101
918 101
911 101
900 101
890 101
880 101
871 100
862 100
858 100
857 100
856 100
855 100
854 100
855 100
858 101
863 102
871 105
878 105
888 107
899 109
907 109
919 109
933 109
947 109
962 107
978 101
992 95
1005 88
1014 82
1022 75
1026 71
1031 66
1033 62
1035 60
1036 57
1037 56
1035 56
1029 56
1023 59
1020 61
1017 64
1016 67
1016 69
1016 72
1016 75
1016 78
1016 79
1016 81
1017 83
1018 85
1019 85
1021 86
1024 87
1027 88
1032 89
1038 90
1045 92
1053 92
1060 92
1069 92
1074 92
1078 92
1080 90
1082 89
1084 88
1084 86
1086 85
1087 85
1088 85
1089 85
1088 85
1083 85
1075 89
1063 95
1057 99
1051 103
1047 106
1044 109
1043 112
1042 114
1042 115
1042 116
1043 115
1044 115
1047 114
1055 112
1061 109
1068 108
1072 106
1078 104
1081 101
1083 99
1084 97
1085 95
1085 94
1085 93
1085 92
1085 91
1085 90
1085 89
1081 88
1075 86
1069 84
1062 81
1054 77
1049 75
1041 71
1035 68
1029 65
1025 63
1021 62
1019 61
1018 61
1017 60
1016 60
1015 60
1011 59
1004 59
997 58
989 56
982 55
978 54
981 54
990 54
1006 56
1016 58
1021 58
1025 58
1027 58
1028 58
1026 58
1022 57
1007 54
1002 54
993 53
983 53
972 53
962 53
952 53
945 53
942 53
940 53
942 53
951 53
986 50
999 47
1013 43
1024 37
1034 32
1040 26
1043 21
1044 17
1045 15
1045 13
1045 12
1045 11
1035 9
1019 6
1010 6
1002 5
993 5
986 5
981 5
978 6
977 7
975 8
974 10
972 12
969 15
964 20
957 23
952 28
946 30
942 34
940 37
939 37
938 39
940 39
946 39
959 38
967 36
989 32
999 28
1010 24
1016 22
1020 17
1022 15
1023 13
1023 11
1023 10
1019 10
1009 10
990 10
979 8
969 8
960 8
955 8
951 8
950 8
949 8
947 8
941 10
940 11
938 12
937 12
936 12
936 13
936 14
938 14
940 14
947 15
949 15
948 15
947 15
945 15
939 13
936 13
933 13
930 13
928 13
927 13
925 13
924 13
923 13
920 13
919 13
918 13
918 14
916 15
916 16
915 16
914 16
913 17
913 18
913 19
913 20
913 22
913 23
913 25
913 26
912 27
912 28
911 28
910 28
910 29
910 30
910 31
909 32
907 33
906 34
904 34
902 35
902 36
901 36
900 34
898 30
898 29
897 29
896 28
894 26
892 25
888 23
885 21
881 19
878 17
876 16
875 14
875 15
875 21
875 32
875 35
875 42
875 44
876 47
877 48
878 49
882 51
891 60
893 65
901 78
904 86
906 93
908 99
910 105
911 108
912 110
913 112
914 112
22
0
4210816
67
572 217
573 217
575 217
576 217
576 218
577 218
578 218
579 219
580 219
582 221
584 223
587 225
589 227
591 229
593 232
594 234
596 237
598 239
600 243
602 246
604 250
607 258
611 264
615 270
617 276
621 283
623 289
627 295
628 299
630 302
630 305
631 309
633 311
634 314
635 318
636 322
638 326
639 330
640 334
641 338
642 341
643 344
644 347
645 348
646 350
646 351
647 353
647 354
647 355
647 356
647 357
647 358
647 360
647 363
647 364
647 366
647 369
647 371
647 373
647 374
647 375
647 376
648 376
648 377
645 381
645 382
644 383
22
0
4210816
12
644 382
644 381
644 380
644 379
644 378
644 377
644 376
644 375
644 374
644 373
644 372
645 373
22
0
4210816
79
689 384
689 383
689 382
689 381
689 379
689 377
689 376
689 371
689 369
688 365
687 361
686 357
686 352
685 348
685 342
685 338
685 333
685 330
685 327
684 322
684 319
684 315
684 312
683 308
683 306
683 304
682 301
682 298
682 297
682 295
682 293
682 292
682 290
682 289
682 287
682 285
682 283
682 281
682 277
682 274
682 272
682 268
682 265
682 262
682 259
682 256
682 253
682 249
682 245
682 243
682 239
683 235
683 231
683 226
683 222
683 218
683 216
683 213
683 210
683 208
683 207
683 206
683 205
683 204
683 203
683 202
683 201
683 199
683 197
683 196
683 195
683 194
683 193
683 192
683 191
683 190
683 189
683 188
683 187
22
0
4210816
58
632 207
631 207
629 205
628 204
627 203
627 202
625 201
624 200
622 198
620 197
619 196
616 194
614 191
613 188
611 185
609 182
607 179
604 176
601 173
599 171
595 168
591 164
590 162
589 161
587 159
585 158
583 158
581 156
579 154
576 152
573 150
569 148
563 144
559 142
556 140
553 138
549 136
545 135
541 133
536 130
532 129
528 127
523 124
520 123
517 121
514 120
510 119
507 118
505 117
502 116
499 115
498 114
497 113
495 113
494 112
493 112
492 112
492 111
22
0
4210816
47
663 149
664 148
666 145
668 142
669 140
672 137
674 134
676 133
678 130
679 128
682 125
686 119
688 117
691 114
694 111
696 109
699 107
702 106
704 104
709 101
712 100
715 99
717 99
720 98
723 97
726 97
728 96
730 96
732 96
735 95
738 95
746 94
749 94
752 93
758 91
762 91
766 90
775 88
779 87
783 86
786 86
790 85
793 85
798 84
800 84
801 84
804 84
22
0
4210816
34
732 109
733 109
739 110
746 114
751 116
761 122
765 125
769 128
774 131
777 133
782 136
785 137
786 137
788 137
789 137
791 138
795 139
798 140
801 140
802 141
806 142
808 142
810 142
811 142
812 142
814 142
815 142
819 141
821 140
822 139
823 137
825 136
825 135
825 134
22
0
4210816
47
625 129
624 128
622 126
621 125
619 124
617 123
615 122
613 120
611 119
609 117
602 113
600 111
598 109
594 106
591 104
585 101
583 98
580 97
577 95
573 91
571 89
569 89
568 86
566 84
564 84
563 82
560 80
556 76
554 75
552 73
551 72
550 71
549 70
548 69
547 69
545 68
545 67
543 66
540 65
539 64
538 63
536 62
535 61
533 60
532 59
529 58
528 57
22
0
4210816
25
629 86
629 85
632 70
635 64
637 58
641 46
643 38
649 28
651 25
653 22
654 20
655 20
656 20
657 20
658 20
659 20
661 20
662 20
664 20
668 22
671 24
673 25
675 26
679 27
679 28
22
0
4210816
34
574 190
573 190
570 188
568 188
563 185
559 184
556 183
550 183
547 182
544 182
541 182
539 181
536 181
528 181
522 182
517 183
511 184
497 186
491 187
484 189
479 190
475 191
469 192
468 192
463 193
460 193
455 194
441 195
432 195
425 195
418 196
410 198
408 199
408 200
22
0
32768
178
493 229
487 227
483 225
471 220
467 219
460 217
458 216
460 216
464 217
472 218
489 221
496 221
505 222
508 222
509 222
507 224
477 231
447 239
429 244
425 246
424 248
425 248
470 250
491 244
508 241
508 240
508 238
507 237
493 233
476 230
451 226
437 224
421 221
409 220
406 220
406 219
406 217
409 217
425 214
434 212
444 208
452 205
457 200
457 199
457 198
456 198
455 198
449 198
442 198
437 198
424 199
419 200
413 200
410 200
409 200
410 200
421 197
442 191
465 180
476 174
484 167
491 159
496 149
496 146
496 145
494 145
487 145
485 145
487 147
538 149
550 149
552 147
552 146
552 145
551 144
550 144
548 144
541 144
536 143
515 139
501 138
488 137
463 134
452 133
451 133
453 133
470 131
486 128
503 120
517 110
520 106
521 100
521 99
520 99
513 97
508 97
499 97
494 97
486 99
482 100
469 101
464 101
461 101
460 101
459 101
460 102
464 102
469 103
483 104
490 104
510 103
533 93
544 89
561 76
567 71
571 65
576 58
576 56
574 55
571 55
567 55
560 55
553 55
540 58
528 60
520 63
512 63
499 64
496 64
495 64
496 64
533 63
557 58
579 51
586 48
583 47
577 43
557 38
548 37
534 37
527 37
514 43
497 49
488 53
479 57
468 60
459 62
450 66
448 66
447 66
450 67
484 70
523 73
539 73
571 73
585 70
603 66
607 65
609 64
611 63
612 63
609 63
603 61
582 59
551 56
496 52
497 52
499 52
507 52
525 52
532 52
540 51
565 47
590 37
602 30
621 17
635 5
642 0
22
0
32768
301
623 14
623 15
635 20
650 25
667 29
675 32
691 33
703 33
707 33
710 32
713 31
716 30
718 29
721 29
722 29
720 29
716 29
712 29
699 29
685 31
677 32
667 39
661 46
659 49
656 52
655 54
653 58
653 59
653 61
654 62
668 64
698 64
720 61
729 57
741 49
742 45
742 42
742 41
737 36
731 33
710 27
690 24
678 25
672 28
660 35
654 37
646 41
643 43
643 44
645 44
673 49
693 52
719 55
746 55
759 55
772 53
782 52
795 49
792 49
785 49
769 51
746 54
719 59
705 64
678 75
661 86
656 91
654 95
659 99
661 100
667 100
672 102
685 105
694 106
721 107
748 107
773 104
781 103
794 98
803 95
805 94
808 92
810 92
811 92
810 92
793 87
782 85
781 86
781 89
784 93
785 94
787 97
792 99
794 100
799 102
806 105
811 107
818 108
825 109
828 110
830 110
829 111
795 117
779 126
777 128
776 130
776 132
776 133
776 134
777 134
778 134
783 136
791 138
802 142
808 143
820 145
826 146
837 147
836 147
834 147
822 147
806 149
791 155
785 158
776 164
776 165
778 165
796 164
805 162
813 161
821 157
825 157
826 155
826 154
825 153
822 152
817 150
808 149
781 146
748 146
733 146
719 146
711 146
689 146
689 147
691 148
718 156
735 158
755 161
769 161
783 159
794 155
800 152
810 147
819 142
824 139
825 137
827 134
827 133
827 132
827 131
823 130
812 128
803 126
772 122
738 121
714 121
704 125
701 131
701 133
701 135
701 136
702 136
704 136
707 137
715 139
726 141
741 141
749 141
764 137
774 130
777 125
777 123
777 121
777 120
775 119
771 117
751 110
728 105
710 101
702 99
701 99
704 99
745 94
768 79
772 70
772 65
770 64
769 64
764 64
756 66
743 69
730 73
720 76
719 77
723 78
755 80
777 71
785 64
787 59
785 57
782 56
777 54
773 53
760 53
747 53
732 58
712 67
695 76
689 81
683 87
683 89
683 91
686 91
713 91
737 83
752 74
759 64
760 55
760 45
759 43
758 37
757 35
756 35
745 33
738 31
719 29
700 29
689 31
687 32
686 34
685 35
685 36
684 36
683 36
682 36
681 36
657 38
640 40
637 40
636 41
639 41
656 44
699 46
729 46
747 46
740 40
725 33
716 29
698 26
681 24
667 24
651 27
632 36
615 47
605 55
601 60
596 65
594 67
595 67
598 67
622 69
645 71
665 73
690 71
694 70
697 69
697 66
697 65
696 64
692 62
672 62
650 63
618 71
587 81
574 87
565 94
559 97
555 99
559 105
568 108
574 111
581 114
597 117
620 118
644 119
662 119
671 119
671 121
644 138
643 140
22
0
32768
46
624 140
620 141
604 148
600 151
593 152
589 153
590 153
619 151
653 144
657 140
658 138
657 136
654 134
649 132
643 131
620 131
598 133
586 134
568 139
553 142
551 142
553 142
581 135
586 133
590 128
592 125
594 123
594 121
592 119
576 114
551 107
516 97
509 96
510 95
513 95
516 95
524 96
537 97
555 100
566 100
601 96
624 89
628 89
628 88
626 88
614 88
22
0
32768
3
579 90
569 93
567 95
22
0
32768
26
495 166
496 167
517 170
540 173
550 173
558 173
560 173
560 174
560 175
560 177
559 177
551 181
545 185
541 190
541 196
543 201
546 205
553 209
563 213
574 219
580 223
580 225
580 226
580 227
578 228
576 229
22
0
32768
44
543 242
543 241
543 240
543 239
554 237
556 237
555 237
551 237
544 237
538 237
538 238
538 239
538 240
539 241
542 242
548 243
555 245
564 246
568 246
572 246
572 247
571 247
548 253
549 253
551 254
557 256
572 258
591 258
608 257
620 256
619 256
597 261
582 267
578 273
578 276
580 278
583 278
584 278
586 278
592 279
594 279
595 280
596 280
597 280
22
0
32768
10
620 203
617 202
594 201
592 201
592 202
621 211
639 213
660 213
666 211
666 210
22
0
32768
12
648 223
647 224
645 225
645 224
644 224
643 224
624 232
625 233
631 233
642 233
659 228
663 224
22
0
32768
35
703 158
702 160
697 166
692 173
691 184
691 189
694 192
697 193
701 193
707 193
712 193
714 193
714 194
712 196
710 201
709 206
709 210
709 213
709 214
709 215
713 216
718 216
727 217
744 217
755 218
757 218
757 219
757 220
757 224
755 227
755 231
755 237
755 241
755 244
755 245
22
0
32768
8
817 174
814 174
783 174
748 177
735 179
721 179
722 179
723 179
22
0
32768
4
701 179
700 179
677 175
674 174
22
0
32768
3
651 175
650 175
647 174
